1 -23.4467 0.000 0.000 1.000 -19.8772 -20.6825 0.351705 -1.53638 0.00000 0
2 -14.6234 8.731 35.369 0.000 -11.9199 17.5453 0.231595 -4.48114 35.3697 0
3 -17.1621 8.900 35.982 0.000 -10.3746 -17.5041 0.20372 -5.05747 35.9846 0
4 -14.5035 8.902 36.027 0.000 -8.92843 -9.18894 0.192485 -4.67538 36.0347 0
5 -18.8433 8.832 35.702 0.000 -11.1498 -22.6413 0.179374 -5.44729 35.7024 0
6 -15.8507 1.307 5.129 0.600 -11.1339 -34.3613 0.227928 -1.3035 5.12462 0
7 -12.9243 8.191 32.900 0.000 -12.6501 -2.98888 0.265089 -1.845527E-03 32.8798 0
8 -18.6311 5.021 20.460 0.000 -15.8624 -12.849 0.21731 -1.50551 20.4519 0
9 -13.9201 5.186 21.016 0.000 -14.6731 5.85122 0.184208 0.149479 21.0132 3
10 -12.8778 5.363 21.750 0.000 -12.3169 -7.00985 0.347143 0.105385 21.7457 3
11 -13.7179 5.225 21.192 0.000 -14.1015 0.600003 0.589442 0.264645 21.2014 3
12 -9.5130 5.511 22.390 0.000 -8.8248 -15.0641 0.226232 0.795603 22.3927 0
13 -15.5703 5.207 21.087 0.000 -15.6109 9.70415 0.585388 -0.988375 21.0727 0
14 -15.9361 5.395 21.894 0.000 -14.2406 -5.44877 0.228462 -1.17345 21.8922 3
15 -12.4842 5.290 21.448 0.000 -12.5382 -6.68867 0.391138 0.683707 21.4489 3
16 -14.1507 5.125 20.782 0.000 -14.853 2.72687 0.198744 0.409695 20.7823 3
17 -15.4128 7.398 29.774 0.000 -15.0258 0.562963 0.357328 -0.479041 29.7637 0
18 -14.2413 8.200 32.943 0.000 -13.2752 -17.0688 0.222106 0.718573 32.9427 0
19 -16.1881 7.560 30.402 0.000 -14.8588 3.23156 0.251288 -1.6776 30.3833 0
20 -17.3628 8.152 32.736 0.000 -15.1438 -18.8834 0.30495 -0.361129 32.727 0
21 -15.0581 7.630 30.691 0.000 -13.7622 -0.254716 0.249145 -1.29536 30.6783 0
22 -19.1439 7.453 29.968 0.000 -18.0177 -0.43256 0.377895 -1.12078 29.9565 0
23 -14.2163 5.299 21.473 0.000 -13.775 -2.74907 0.231712 -0.189593 21.4595 3
24 -15.9804 8.343 33.474 0.000 -14.4079 -31.3034 0.524063 1.50544 33.4622 0
25 -16.8163 4.162 16.814 0.000 -15.0739 -0.690473 0.483729 -1.7217 16.8017 7
26 -19.1601 5.690 23.163 0.000 -15.7882 -3.62067 0.420306 -3.05191 23.157 0
27 -16.4503 4.054 16.363 0.000 -14.5449 -2.30057 0.201194 -1.69546 16.3428 7
28 -16.2975 7.707 31.081 0.000 -14.8973 -3.74583 0.390747 -1.06465 31.0694 0
29 -15.2064 8.333 33.449 0.000 -14.14 -19.4355 0.233081 0.853851 33.4434 0
30 -16.6341 4.085 16.496 0.000 -14.7471 -0.291399 0.187449 -1.87662 16.4798 7
31 -15.4089 7.254 29.275 0.000 -15.1838 -23.2631 0.2307 2.07817 29.2615 0
32 -17.4393 7.286 29.394 0.000 -16.4737 -21.736 0.248663 1.18311 29.3702 0
33 -15.1528 7.896 31.752 0.000 -14.1483 -4.64539 0.161645 -0.556132 31.737 0
34 -15.4838 5.537 22.590 0.000 -13.1408 -19.1205 0.194526 -0.450368 22.599 0
35 -11.6558 5.545 22.628 0.000 -9.7323 -24.4128 0.252231 0.492547 22.6357 0
36 -13.7107 8.886 35.945 0.000 -10.1737 3.6663 0.2479 -3.92837 35.954 0
37 -17.8347 6.161 24.903 0.000 -13.9429 -0.772599 0.402809 -3.85484 24.8878 0
38 -14.2986 6.243 25.188 0.000 -10.4138 -11.3647 0.348894 -2.78318 25.1767 0
39 -15.2943 6.337 25.601 0.000 -11.5321 -1.23806 0.215315 -3.6599 25.5958 0
40 -11.8290 4.259 17.282 0.000 -10.8713 1.1494 0.150931 -1.0877 17.2733 0
41 -15.3181 8.093 32.466 0.000 -13.5938 -12.4199 0.428675 -0.525174 32.4546 0
42 -12.7181 4.367 17.729 0.000 -11.1083 -11.961 0.127725 -0.426505 17.7171 0
43 -11.7348 2.954 11.831 0.200 -7.75747 -30.8739 9.438829E-02 -0.899372 11.8375 0
44 -15.8826 8.091 32.478 0.000 -12.2881 -37.5154 0.37106 0.119971 32.4663 0
45 -14.7460 6.529 26.711 0.000 -11.7191 -20.1741 0.151022 -1.02459 26.7101 0
46 -14.9675 7.175 29.195 0.000 -12.5455 -7.36066 0.249154 -1.71087 29.197 0
47 -15.5900 4.003 16.192 0.000 -14.0024 -2.47107 0.240026 -1.36446 16.1915 7
48 -11.5536 1.418 5.522 0.700 -11.1525 1.26166 0.158066 -0.543028 5.52622 0
49 -16.4861 5.145 20.959 0.000 -14.7541 -16.0886 0.154204 -0.138518 20.9674 0
50 -9.4535 2.316 9.279 0.200 -6.74245 -21.3176 0.645145 -0.643759 9.27687 0
51 -14.3112 4.163 16.855 0.000 -13.0022 -7.23756 0.127513 -0.597997 16.8395 0
52 -11.8360 3.965 16.074 0.000 -11.2587 1.46561 0.42613 -0.766428 16.0547 7
53 -8.2487 7.952 32.365 0.000 -12.1141 13.9163 0.414275 2.43234 32.3607 0
54 -13.6660 2.955 11.777 0.300 -8.34414 -33.5595 9.768044E-02 -1.97567 11.7865 0
55 -13.4843 4.096 16.557 0.000 -11.0964 -6.35321 0.438845 -1.79647 16.5483 0
56 -14.1641 7.112 28.737 0.000 -12.3572 -3.35933 0.242505 -1.49521 28.728 4
57 -13.8248 7.626 31.127 0.000 -12.2727 -11.7371 0.214846 -0.399898 31.1265 0
58 -16.3537 3.425 13.791 0.500 -13.6691 0.215377 0.304837 -2.73658 13.7784 0
59 -14.8232 3.629 14.717 0.300 -12.8849 -6.93089 0.64567 -1.30977 14.6973 6
60 -14.2222 7.121 28.772 0.000 -12.2529 0.240415 0.609301 -2.05428 28.7627 4
61 -15.0473 7.078 28.571 0.000 -13.4829 5.69107 0.166672 -2.15021 28.563 4
62 -12.6864 3.781 15.324 0.300 -11.3756 -5.71295 0.174937 -0.757046 15.3043 6
63 -9.1890 1.451 5.862 0.400 -9.02869 -18.3558 0.295512 1.64575 5.87403 0
64 -12.9095 7.604 31.031 0.000 -12.9264 -4.36529 0.236952 0.429706 31.0341 0
65 -15.1663 7.059 28.521 0.000 -12.9886 2.86343 0.257446 -2.48974 28.5136 4
66 -14.6262 7.103 28.694 0.000 -12.5925 -2.53424 0.352117 -1.81547 28.6856 4
67 -16.2034 3.649 14.801 0.300 -14.487 -4.74663 0.148381 -1.25659 14.7769 6
68 -15.2650 3.606 14.568 0.300 -13.2883 -6.67141 0.236516 -1.33326 14.5544 6
69 -12.8888 7.746 31.244 0.000 -11.9815 -5.90906 0.522244 -0.368573 31.2306 0
70 -15.1212 7.605 31.048 0.000 -13.271 -8.24123 0.27759 -1.05387 31.0464 0
71 -16.4001 3.659 14.793 0.300 -14.5154 -4.4244 0.214124 -1.46364 14.7757 6
72 -17.1026 7.656 30.867 0.000 -14.6657 -7.02511 0.178796 -1.75228 30.8526 0
73 -18.6887 7.563 30.487 0.000 -16.6443 -5.00848 0.339067 -1.57746 30.4733 0
74 -18.4957 6.818 27.748 0.000 -13.7873 -20.9947 0.132673 -2.62222 27.7495 0
75 -16.0587 7.699 31.044 0.000 -13.9069 -15.9291 0.276872 -0.586553 31.033 0
76 -15.1575 6.718 27.358 0.000 -14.2526 0.310947 0.498281 -0.985871 27.3647 0
77 -12.3607 6.302 25.370 0.000 -12.9121 3.06764 0.20448 0.224153 25.3556 0
78 -10.8877 6.670 27.136 0.000 -12.4894 21.2331 0.354591 -0.55707 27.1333 0
79 -19.1981 7.974 32.127 0.000 -15.9216 -13.0971 0.21499 -1.98832 32.1107 0
80 -14.5215 4.277 17.442 0.000 -15.7589 -2.81859 0.159577 1.50332 17.4459 1
81 -8.8806 6.904 28.105 0.000 -10.1274 16.1637 0.374975 -0.407045 28.095 0
82 -15.5450 7.998 32.617 0.000 -14.2041 -23.6016 0.550955 0.964164 32.616 5
83 -14.2887 7.559 30.716 0.000 -13.6548 2.58017 0.461537 -0.938075 30.7128 0
84 -14.3924 6.587 26.774 0.000 -11.8462 3.63762 0.981409 -3.00812 26.7738 0
85 -16.0719 4.288 17.496 0.000 -16.985 -0.620581 0.212532 0.95394 17.4971 1
86 -15.8193 4.297 17.528 0.000 -16.6961 -1.84632 0.145986 1.04684 17.5438 1
87 -8.8702 4.503 18.359 0.000 -9.85927 -12.2433 0.415531 2.17181 18.3453 0
88 -14.7377 4.262 17.375 0.000 -15.9901 -3.30449 0.392095 1.54362 17.3828 1
89 -15.5619 4.314 17.611 0.000 -16.6834 -0.331244 0.260164 1.12863 17.627 1
90 -17.5187 7.282 29.740 0.000 -13.5911 -15.0912 0.181916 -2.4367 29.7539 2
91 -11.8550 4.574 18.501 0.000 -11.6631 -1.49175 0.251633 -6.784644E-02 18.4918 0
92 -17.3234 8.101 32.624 0.000 -14.1263 -19.4892 0.326198 -1.2808 32.6069 0
93 -15.5947 4.324 17.634 0.000 -16.7157 0.936385 0.242664 1.00309 17.6363 1
94 -15.6186 4.287 17.487 0.000 -16.5805 -1.86343 0.351361 1.11308 17.4856 1
95 -18.9330 5.871 23.832 0.000 -15.2856 5.74637 0.195531 -4.24157 23.8211 0
96 -13.0911 8.439 33.840 0.000 -12.7002 -14.3481 0.153545 1.02859 33.8293 0
97 -12.8207 4.414 17.880 0.000 -12.682 1.7839 0.289128 -0.346052 17.8791 0
98 -14.8969 5.604 22.813 0.000 -14.3667 -11.4933 0.130954 0.606013 22.8195 0
99 -14.8255 4.266 17.383 0.000 -16.0763 -0.984511 0.25333 1.32394 17.3902 1
100 -15.4310 6.412 25.895 0.000 -12.1015 -3.01018 0.277963 -3.05627 25.8834 0
101 -18.1251 7.946 32.397 0.000 -15.452 -21.729 0.425616 -0.542728 32.3894 5
102 -16.0226 6.382 25.789 0.000 -12.1526 -5.12355 0.178073 -3.37545 25.7798 0
103 -18.1979 5.378 21.871 0.000 -15.0286 -15.2444 0.812123 -1.72607 21.8775 0
104 -13.6927 6.514 26.335 0.000 -9.9281 -6.70341 0.233842 -3.11763 26.3219 0
105 -18.9216 5.580 22.694 0.000 -17.1983 -24.5307 0.242046 0.705553 22.6987 0
106 -13.7776 6.210 25.146 0.000 -10.5624 1.34647 0.307121 -3.38054 25.1376 0
107 -13.5978 6.143 24.878 0.000 -10.5858 0.341749 0.16701 -3.06292 24.8714 0
108 -11.6830 7.411 30.288 0.000 -9.10555 -6.77807 0.224047 -1.92208 30.2896 0
109 -10.0622 8.210 33.049 0.000 -9.64894 1.85559 0.4644 -0.645239 33.0377 0
110 -14.1621 5.676 23.131 0.000 -13.9252 -7.76762 0.257195 0.514161 23.1338 0
111 -12.3801 7.723 31.541 0.000 -12.3765 -8.59877 0.31532 0.824711 31.5437 0
112 -13.4124 8.171 33.195 0.000 -11.5371 -0.812219 0.276546 -1.82172 33.1973 0
113 -16.4243 7.531 30.657 0.000 -12.7512 -6.58677 0.212369 -3.03565 30.659 0
114 -14.3992 7.197 29.325 0.000 -14.1081 3.33359 0.246898 -0.64919 29.3346 0
115 -15.3801 7.975 32.541 0.000 -12.9129 -17.7592 0.396849 -0.730943 32.5396 0
116 -9.6066 7.214 29.099 0.000 -9.47071 4.83845 0.283721 -0.648134 29.0987 0
117 -14.7436 6.137 24.857 0.000 -11.3939 -0.710581 0.27142 -3.30582 24.8558 0
118 -13.3117 7.971 32.093 0.000 -11.4302 -6.81842 0.149515 -1.21461 32.0806 0
119 -14.0271 5.268 21.453 0.000 -13.2589 -21.9363 0.675462 1.35792 21.4582 0
120 -10.8825 6.977 28.516 0.000 -10.9041 -14.0345 1.01087 1.32393 28.5317 0
121 -16.4891 2.334 9.299 0.700 -12.884 -11.085 0.280212 -2.52461 9.29848 0
122 -10.5423 5.472 22.307 0.000 -10.4144 -9.52458 0.619009 0.762705 22.308 0
123 -9.6853 5.549 22.615 0.000 -8.74871 -9.82296 0.15952 2.97788E-02 22.6211 0
124 -14.7300 5.277 21.530 0.000 -12.7539 -23.8137 0.150318 0.390272 21.5316 0
125 -15.5355 7.234 29.562 0.000 -13.4288 -0.676391 0.821282 -2.12121 29.5721 2
126 -15.8112 6.034 24.685 0.000 -10.6149 -29.4304 0.35311 -2.28856 24.6934 0
127 -18.1654 2.132 8.448 0.800 -14.1768 -13.375 0.337755 -2.68492 8.44631 0
128 -15.9591 7.225 29.550 0.000 -13.0632 -21.6678 0.301022 -0.759205 29.55 2
129 -14.5711 7.310 29.868 0.000 -12.0526 -0.654339 0.266999 -2.47977 29.87 0
130 -16.1086 7.215 29.478 0.000 -13.416 -14.134 0.736732 -1.35289 29.4944 2
131 -15.7418 7.908 32.270 0.000 -14.794 -15.8578 0.236171 0.614379 32.2658 0
132 -16.8382 7.307 29.836 0.000 -13.728 -16.7657 0.153419 -1.44902 29.8348 2
133 -14.4327 7.017 28.704 0.000 -11.4853 -19.4117 0.413243 -1.04758 28.7016 0
134 -15.0167 4.951 20.161 0.000 -12.6325 4.31309 0.451225 -2.86059 20.1513 0
135 -11.6053 6.487 26.151 0.000 -12.343 -4.32736 0.204638 1.14995 26.1304 0
136 -11.4244 6.540 26.359 0.000 -10.8966 -4.02042 0.251521 -0.15089 26.3402 0
137 -14.1158 4.947 20.142 0.000 -11.4134 1.73964 0.543062 -2.93064 20.1367 0
138 -14.7724 7.408 30.266 0.000 -11.7643 -11.9517 0.347977 -1.84772 30.2789 2
139 -14.1957 8.131 33.090 0.000 -13.2443 -3.41233 0.338184 -0.643989 33.0887 0
140 -15.4636 7.304 29.871 0.000 -12.1413 -19.4383 0.152492 -1.39369 29.8672 2
141 -12.2331 4.254 17.223 0.000 -11.7052 5.88716 0.582377 -1.17484 17.2187 9
142 -14.6191 7.199 29.279 0.000 -13.1096 -9.78881 0.483181 -0.578893 29.2756 0
143 -9.5212 6.356 25.662 0.000 -10.5927 0.22993 0.564753 0.992013 25.6533 0
144 -8.1159 8.807 35.896 0.000 -8.08706 -7.02413 0.351401 0.638472 35.8931 8
145 -9.3332 2.650 10.525 0.200 -5.89891 -31.6665 0.440004 -0.31163 10.5305 0
146 -14.5448 8.084 32.881 0.000 -13.3368 -2.09267 0.307268 -1.02943 32.8771 0
147 -21.6013 5.027 20.467 0.000 -18.348 -19.7888 0.179789 -1.29239 20.4709 0
148 -18.3847 5.213 21.234 0.000 -13.9063 -24.1826 0.201003 -2.08023 21.24 0
149 -18.3693 5.286 21.553 0.000 -13.7171 -23.2729 0.549514 -2.37985 21.5552 0
150 -15.2977 7.787 31.372 0.000 -12.8785 -19.1009 0.237313 -0.532812 31.3616 0
151 -15.2734 8.403 33.731 0.000 -15.0019 -19.9488 0.133612 1.71003 33.7209 0
152 -10.5461 8.747 35.634 0.000 -8.9969 -3.45332 0.416373 -1.24549 35.6286 8
153 -18.9746 5.078 20.684 0.000 -15.5786 -33.541 0.163889 -5.825571E-02 20.6888 0
154 -13.5494 8.708 35.443 0.000 -11.5401 -16.6439 0.253785 -0.370273 35.435 8
155 -13.0450 8.755 35.647 0.000 -11.0977 -13.5698 0.450485 -0.635385 35.6428 0
156 -15.4138 7.576 30.544 0.000 -13.0866 -19.9845 0.176296 -0.346351 30.532 0
157 -9.8876 8.694 35.409 0.000 -10.7146 -10.921 0.245659 1.89449 35.4008 0
158 -11.8816 8.886 36.186 0.000 -10.544 -9.10167 0.507543 -0.478218 36.1832 8
159 -12.2170 8.220 33.109 0.000 -12.5147 4.3686 0.210424 -0.160216 33.0931 0
160 -10.1899 8.712 35.480 0.000 -8.52361 -8.59163 0.2263 -0.829737 35.4777 0
161 -8.4366 8.148 32.678 0.000 -10.4945 0.107925 0.235197 2.02361 32.6603 0
162 -15.2227 8.010 32.660 0.000 -12.8362 -14.7822 0.29707 -0.93796 32.6564 5
163 -20.3957 5.186 21.109 0.000 -17.0007 -25.4409 0.292995 -0.880227 21.1121 0
164 -13.7000 8.054 32.873 0.000 -12.9852 -21.5781 0.375654 1.4054 32.8692 5
165 -13.5577 8.135 33.188 0.000 -10.993 -23.1339 0.496092 -0.300932 33.1839 0
166 -16.0375 6.895 27.897 0.000 -13.5804 -8.51975 0.423448 -1.64743 27.8917 0
167 -12.9949 8.723 35.525 0.000 -11.4045 -11.3904 0.366124 -0.487966 35.5198 0
168 -16.1539 8.018 32.695 0.000 -13.7285 -17.8319 0.279223 -0.67012 32.6898 5
169 -12.1637 8.004 32.109 0.000 -10.7996 -15.2393 0.321017 0.127687 32.0961 0
170 -14.8928 7.050 28.485 0.000 -13.2862 6.36093 0.19468 -2.26215 28.4834 4
171 -9.0999 8.767 35.702 0.000 -8.603 -4.09264 0.313536 -0.11901 35.7001 0
172 -13.3096 7.904 32.167 0.000 -12.6057 -6.53258 0.31069 -8.176024E-02 32.1656 0
173 -14.5503 4.330 17.528 0.000 -13.9995 8.42577 0.287106 -1.42207 17.5145 9
174 -6.8896 2.738 10.899 0.200 -4.57544 -32.5414 0.217727 0.9182 10.9032 0
175 -10.2353 4.288 17.384 0.000 -10.9049 16.7949 0.669132 -1.07682 17.3789 0
176 -10.8729 8.700 35.452 0.000 -9.69427 -1.63504 0.376691 -1.05278 35.4482 8
177 -11.7070 7.859 31.536 0.000 -10.4951 -2.93308 0.55391 -0.974007 31.5153 0
178 -10.8157 8.020 32.630 0.000 -11.4602 -6.95746 0.294294 1.31079 32.6319 0
179 -12.1248 6.389 25.847 0.000 -9.57739 -8.61304 0.218593 -1.70798 25.8397 0
180 -11.4092 7.992 32.520 0.000 -11.1457 -6.14021 0.527952 0.297698 32.5132 0
181 -10.4943 7.928 31.880 0.000 -10.4739 -11.2116 0.282612 1.07251 31.8635 0
182 -12.4951 7.788 31.676 0.000 -12.5156 -13.6039 0.292852 1.35156 31.6738 0
183 -11.5686 5.994 24.144 0.000 -12.2245 -6.62422 0.257813 1.29259 24.1224 0
184 -12.1374 8.282 33.282 0.000 -13.0439 -7.17514 0.204897 1.60354 33.2712 0
185 -15.6519 8.170 33.203 0.000 -13.7454 -0.341777 0.28986 -1.90131 33.1968 0
186 -13.4808 4.318 17.478 0.000 -13.7755 5.28416 0.457759 -0.27947 17.4667 9
187 -18.0667 4.550 18.525 0.100 -16.8387 0.282024 0.140228 -1.27027 18.5168 0
188 -16.0921 4.165 16.848 0.000 -13.3032 -10.0805 0.163516 -1.79718 16.8323 0
189 -18.3787 4.600 18.792 0.100 -16.8395 -2.19703 0.376128 -1.35709 18.7858 0
190 -12.4332 5.798 23.349 0.000 -11.9252 2.37485 0.633149 -0.808849 23.3419 0
191 -10.6593 7.548 30.821 0.000 -10.3022 -11.9693 0.290924 0.810782 30.8106 0
192 -15.8656 8.207 33.338 0.000 -13.2588 -2.85149 0.282584 -2.3499 33.343 0
193 -12.6372 4.374 17.707 0.000 -12.2265 -3.77036 0.401268 -7.374994E-02 17.6962 9
194 -15.3394 4.471 18.236 0.100 -15.4181 10.626 0.488695 -1.03277 18.2299 0
195 -18.1820 2.070 8.179 0.900 -13.8389 -14.7425 0.143284 -2.88314 8.17548 0
196 -16.4474 7.253 29.634 0.000 -11.8284 -23.9516 0.352003 -2.25906 29.634 0
197 -12.1511 6.678 27.336 0.000 -10.9975 -20.9408 0.224293 0.918055 27.3399 0
198 -13.5346 7.180 29.230 0.000 -12.1663 -12.0238 0.313066 -0.19719 29.2354 0
199 -13.0351 4.180 16.997 0.000 -12.6163 -1.21133 0.328579 -0.3305 16.9881 0
200 -10.9080 8.122 33.174 0.000 -9.63124 -4.89025 0.280367 -0.815745 33.1703 0
