1 -19.9171 4.111 15.581 0.167 -14.3062 -16.1249 0 -3.99838 15.5724 0
2 -15.2073 5.996 22.565 0.000 -10.047 -41.716 0 -0.988669 22.5482 0
3 -16.8398 5.807 21.832 0.000 -11.6328 -38.1328 0 -1.39375 21.8311 0
4 -15.6433 5.825 21.877 0.000 -11.8488 -24.7983 0 -1.31466 21.8749 0
5 -15.9772 12.418 45.697 0.000 -15.4379 8.72792 0 -1.41207 45.6974 0
6 -15.8658 5.775 21.690 0.000 -11.5542 -21.7507 0 -2.13649 21.6805 0
7 -14.0168 12.268 45.114 0.000 -12.9831 -9.00606 0 -0.133129 45.1145 0
8 -14.9238 12.343 45.388 0.000 -14.0716 -25.3615 0 1.68392 45.3864 0
9 -14.1411 12.251 45.023 0.000 -14.0718 -19.4084 0 1.87151 45.0227 0
10 -16.3360 9.618 35.752 0.000 -15.214 3.35247 0 -1.45729 35.7515 0
11 -15.8494 12.253 45.048 0.000 -15.1815 -22.9448 0 1.62656 45.051 0
12 -17.2237 9.088 33.841 0.000 -11.1626 -9.63262 0 -5.09785 33.8238 0
13 -13.0527 5.959 22.400 0.000 -10.4784 -11.3796 0 -1.43637 22.3932 12
14 -16.6369 12.141 44.648 0.000 -15.1187 -19.2398 0 0.405753 44.6505 0
15 -15.0941 5.642 21.227 0.000 -10.8663 -22.1061 0 -2.01715 21.2284 0
16 -20.7794 4.461 16.694 0.167 -16.052 -6.96863 0 -4.03055 16.695 5
17 -21.0208 4.429 16.607 0.167 -16.3081 -4.13635 0 -4.29911 16.5999 5
18 -20.8194 4.546 17.026 0.083 -16.1529 -3.2128 0 -4.34524 17.0292 5
19 -20.3000 4.471 16.756 0.167 -15.5384 -6.72123 0 -4.08945 16.7577 5
20 -18.8339 4.644 17.472 0.083 -14.1485 -6.67494 0 -4.01792 17.4617 5
21 -20.4159 4.480 16.793 0.167 -15.4525 -6.10703 0 -4.35272 16.7882 5
22 -17.9826 12.017 44.171 0.000 -17.2183 -12.9575 0 0.531459 44.1839 9
23 -14.4967 6.099 23.415 0.000 -12.8911 -23.2254 0 0.716933 23.4075 0
24 -13.6084 12.484 45.936 0.000 -13.7896 10.8521 0 -0.904 45.9409 0
25 -12.5334 12.544 46.181 0.000 -13.3519 0.421075 0 0.776435 46.18 0
26 -14.8039 12.378 45.541 0.000 -14.9021 3.24646 0 -0.226424 45.543 0
27 -13.3532 12.466 45.855 0.000 -12.5425 -3.4856 0 -0.462153 45.8618 0
28 -13.8205 12.511 46.055 0.000 -14.4906 0.782014 0 0.591888 46.0564 0
29 -15.5234 3.743 14.183 0.250 -13.3375 -3.32745 0 -1.85318 14.1692 4
30 -14.6393 3.807 14.395 0.250 -14.1105 4.46425 0 -0.975267 14.3813 4
31 -13.7020 11.908 44.056 0.000 -12.3371 -9.34948 0 -0.429909 44.0535 8
32 -13.8383 11.993 44.358 0.000 -12.9903 -6.82711 0 -0.165279 44.3552 8
33 -12.7398 12.061 44.664 0.000 -12.3368 -4.359 0 3.286994E-02 44.663 8
34 -16.1566 3.746 14.159 0.250 -14.4931 -3.46859 0 -1.31666 14.1391 4
35 -11.1842 11.943 44.224 0.000 -10.3969 -3.42518 0 -0.444762 44.2195 8
36 -16.0049 3.748 14.155 0.250 -14.4396 -2.1976 0 -1.34555 14.1414 4
37 -15.1919 11.897 44.002 0.000 -12.9355 -15.6185 0 -0.694509 44.0065 8
38 -10.0863 3.853 14.564 0.250 -11.7852 8.20454 0 0.878428 14.549 4
39 -15.7693 12.044 44.249 0.000 -16.7187 8.82869 0 6.657144E-02 44.2478 9
40 -17.7761 12.049 44.273 0.000 -17.6342 -6.69799 0 0.527861 44.274 9
41 -11.8846 3.522 13.574 0.167 -12.9489 -11.0668 0 2.17094 13.5508 10
42 -16.8312 12.018 44.281 0.000 -14.4964 -23.8193 0 4.715724E-02 44.2793 2
43 -10.4486 3.296 12.750 0.167 -11.1553 -3.97765 0 1.10444 12.7467 10
44 -15.3950 3.800 14.381 0.250 -14.1498 -4.05847 0 -0.839321 14.3584 4
45 -15.1785 3.853 14.564 0.250 -14.3277 -5.475 0 -0.303315 14.5476 4
46 -12.3579 12.280 45.198 0.000 -13.23 -5.81007 0 1.45307 45.2005 0
47 -15.7732 8.918 33.476 0.000 -14.3129 -16.4777 0 0.187505 33.4811 0
48 -16.5668 6.254 23.789 0.000 -14.1495 -22.2738 0 -0.189908 23.7793 0
49 -15.5022 11.962 44.103 0.000 -13.7188 -23.3885 0 0.555414 44.1013 2
50 -17.7671 12.030 44.219 0.000 -17.8622 -5.07424 0 0.602523 44.2194 9
51 -15.8629 11.992 44.205 0.000 -14.3002 -21.1231 0 0.549654 44.2046 2
52 -13.2756 12.000 44.242 0.000 -12.7643 -10.6379 0 0.552486 44.2415 2
53 -19.2499 12.002 44.099 0.000 -18.6638 -9.33828 0 0.34769 44.1014 9
54 -13.2262 12.346 45.385 0.000 -13.3285 -1.25846 0 0.228124 45.3868 0
55 -16.1954 11.993 44.188 0.000 -14.8058 -19.5872 0 0.569104 44.1879 2
56 -13.6674 11.913 44.171 0.000 -10.9026 -14.9973 0 -1.2651 44.1637 0
57 -16.4190 12.288 45.171 0.000 -14.2227 -14.5011 0 -0.746237 45.1687 0
58 -14.9154 11.946 44.078 0.000 -14.7617 -8.03434 0 0.649693 44.0798 2
59 -16.0175 3.733 14.099 0.250 -14.716 -2.88934 0 -1.0126 14.085 4
60 -14.2613 3.652 13.812 0.167 -12.1306 -22.6614 0 0.135411 13.7921 0
61 -15.0386 12.020 44.284 0.000 -12.2534 -26.6496 0 -0.120288 44.2867 2
62 -11.8782 3.882 14.678 0.167 -10.3145 -17.3738 0 0.173655 14.6595 0
63 -11.3755 7.223 27.442 0.000 -10.119 3.89868 0 -1.64632 27.4267 0
64 -14.5493 7.057 26.765 0.000 -12.8582 -2.62683 0 -1.42839 26.7633 7
65 -12.3265 7.085 26.933 0.000 -10.0056 -5.85117 0 -1.73574 26.9279 7
66 -17.2621 11.959 44.055 0.000 -13.1764 -37.7881 0 -0.306874 44.0541 2
67 -14.1950 7.107 27.012 0.000 -11.0758 -18.8595 0 -1.23324 27.0098 7
68 -16.6297 12.270 45.109 0.000 -14.6323 -14.9018 0 -0.507192 45.1121 0
69 -11.4526 7.156 27.149 0.000 -11.4712 4.36885 0 -0.418245 27.1497 7
70 -15.8476 9.911 36.820 0.000 -12.1535 -3.13752 0 -3.38031 36.8143 0
71 -19.1199 12.075 44.547 0.000 -13.8649 -11.859 0 -4.06915 44.5439 0
72 -9.6815 7.085 26.961 0.000 -8.83189 9.2477 0 -1.77441 26.9527 7
73 -9.7991 7.266 27.563 0.000 -10.2846 -6.43045 0 1.12858 27.5574 7
74 -13.7760 11.960 44.261 0.000 -12.7425 -3.54317 0 -0.679209 44.2632 8
75 -15.9405 7.716 29.367 0.000 -13.8876 -6.68824 0 -1.38412 29.3694 0
76 -13.8746 12.437 45.732 0.000 -12.9548 -26.5304 0 1.73321 45.7352 0
77 -15.4885 12.106 44.531 0.000 -14.9119 -14.5974 0 0.883109 44.5287 0
78 -17.4911 12.134 44.628 0.000 -15.3822 -23.5559 0 0.246654 44.6291 0
79 -9.9722 5.106 19.245 0.000 -9.78871 -15.5292 0 1.36944 19.2527 0
80 -19.2115 12.056 44.391 0.000 -16.5277 -23.3195 0 -0.351813 44.3802 2
81 -13.5549 3.157 12.159 0.250 -13.2945 -7.75607 0 0.515235 12.1455 10
82 -15.2304 9.942 36.927 0.000 -14.9382 -3.07944 0 1.572547E-02 36.9226 0
83 -17.0047 9.996 37.113 0.000 -14.6584 -15.8511 0 -0.761187 37.1169 0
84 -13.8220 5.576 20.973 0.000 -13.8109 -16.9718 0 1.68609 20.9828 0
85 -12.7154 3.230 12.515 0.167 -12.8605 -10.8825 0 1.23339 12.4919 10
86 -16.6644 10.794 40.393 0.000 -12.8868 4.85348 0 -4.26294 40.3881 0
87 -12.0130 3.349 12.933 0.167 -12.0294 -5.31809 0 0.548218 12.8992 10
88 -17.8708 11.922 44.007 0.000 -16.8969 -4.92335 0 -0.481537 44.0016 0
89 -14.0725 12.307 45.201 0.000 -13.8348 -2.28766 0 -8.912424E-03 45.1988 0
90 -15.3380 12.220 44.855 0.000 -15.3547 4.39848 0 -0.423112 44.8506 0
91 -16.0623 7.041 26.824 0.000 -14.0761 -17.2482 0 -0.261353 26.8195 0
92 -19.3504 11.941 44.113 0.000 -16.5543 -22.2698 0 -0.569104 44.1092 0
93 -17.4846 9.903 36.767 0.000 -15.8975 -12.6477 0 -0.322305 36.768 0
94 -13.9743 9.794 36.416 0.000 -12.4099 -13.8374 0 -0.180659 36.414 0
95 -16.5576 9.906 36.781 0.000 -15.4023 -12.4979 0 9.44868E-02 36.7836 0
96 -14.9160 9.831 36.568 0.000 -13.1922 -9.85619 0 -0.738174 36.5551 0
97 -17.3523 9.893 36.757 0.000 -15.2606 -21.2706 0 3.539016E-02 36.7559 0
98 -13.5543 12.501 45.953 0.000 -13.1382 -15.4147 0 1.12538 45.9589 0
99 -17.0824 3.582 13.566 0.250 -13.8644 -7.82324 0 -2.43568 13.5527 0
100 -13.4644 9.872 36.739 0.000 -11.3336 -3.58495 0 -1.77234 36.7412 0
101 -14.8422 9.855 36.633 0.000 -13.0644 -6.85099 0 -1.09266 36.6334 0
102 -15.2911 9.646 35.828 0.000 -13.0977 3.92213 0 -2.58563 35.834 0
103 -11.9631 9.332 35.313 0.000 -10.3547 -11.6361 0 -0.444765 35.3147 0
104 -12.5260 9.209 34.864 0.000 -10.8587 -12.935 0 -0.373763 34.8563 0
105 -13.4029 11.243 42.197 0.000 -9.67589 0.493318 0 -3.77632 42.2082 0
106 -14.3952 9.029 33.875 0.000 -13.1912 7.26513 0 -1.93055 33.8922 0
107 -10.8000 11.716 43.796 0.000 -8.78971 -5.00569 0 -1.50971 43.8039 11
108 -17.5689 9.210 34.677 0.000 -13.8809 0.80176 0 -3.76814 34.6651 0
109 -12.4363 11.750 43.861 0.000 -9.15224 -3.66191 0 -2.91791 43.8621 11
110 -11.7117 11.590 43.306 0.000 -10.8502 1.65805 0 -1.02728 43.2973 11
111 -12.1122 11.617 43.449 0.000 -9.31269 -2.08392 0 -2.5911 43.4427 11
112 -11.3577 11.711 43.781 0.000 -8.74583 -0.275064 0 -2.58437 43.7729 11
113 -13.2092 12.924 47.411 0.000 -10.3036 0.737382 0 -2.97935 47.4163 6
114 -24.0369 0.253 0.921 0.833 -16.7839 -0.434467 0 -7.20957 0.919264 0
115 -15.2142 12.844 47.120 0.000 -12.0032 -2.1078 0 -3.00019 47.1293 6
116 -13.0753 12.877 47.254 0.000 -10.039 -0.419019 0 -2.99439 47.2593 0
117 -21.0381 7.900 29.625 0.000 -16.7095 -12.0389 0 -3.12469 29.6188 0
118 -16.4137 6.744 25.715 0.000 -13.4829 -7.76523 0 -2.15432 25.6962 0
119 -17.5907 11.096 41.005 0.000 -15.2232 -5.01245 0 -1.86622 41.0034 0
120 -13.5953 12.826 47.088 0.000 -11.4395 4.9706 0 -2.65283 47.0966 6
121 -15.5278 6.771 25.805 0.000 -13.2327 -9.08125 0 -1.38701 25.7945 0
122 -14.3573 12.833 47.118 0.000 -11.392 -2.29093 0 -2.73623 47.1298 6
123 -20.2118 0.465 1.700 0.833 -13.1517 -2.18684 0 -6.84146 1.70525 0
124 -16.0363 0.568 2.040 0.667 -11.655 -3.65056 0 -4.01628 2.04661 0
125 -15.3380 12.758 46.843 0.000 -11.6817 0.43348 0 -3.69969 46.8482 6
126 -13.7307 8.017 30.287 0.000 -7.61199 -4.94319 0 -5.62442 30.2762 0
127 -13.0770 12.939 47.458 0.000 -10.6224 3.08188 0 -2.76278 47.464 6
128 -24.6146 0.000 0.000 1.000 -17.5214 2.05307 0 -7.29846 0.00000 0
129 -13.4831 7.691 29.053 0.000 -9.88099 -10.4418 0 -2.55789 29.049 0
130 -13.1706 10.206 38.090 0.000 -14.1429 -4.45355 0 1.41766 38.0796 0
131 -13.5171 10.022 37.259 0.000 -12.6266 -7.1083 0 -0.179676 37.2539 0
132 -12.6007 9.859 36.637 0.000 -13.7767 5.90983 0 0.585051 36.6434 0
133 -9.7688 12.827 47.255 0.000 -9.04914 -2.83772 0 -0.435901 47.259 0
134 -15.1670 5.530 20.960 0.000 -12.0371 -18.9765 0 -1.2322 20.9545 0
135 -20.4744 10.675 39.734 0.000 -16.6385 -22.8246 0 -1.55342 39.7304 0
136 -20.8759 4.783 17.888 0.167 -15.0388 -14.1041 0 -4.42671 17.8863 0
137 -12.2239 5.967 22.418 0.000 -9.8008 -18.6114 0 -0.561976 22.419 12
138 -19.4459 9.492 35.572 0.000 -16.3263 -12.638 0 -1.85575 35.5672 0
139 -15.4800 5.830 21.958 0.000 -11.446 -22.3442 0 -1.79958 21.9532 12
140 -13.8732 5.934 22.365 0.000 -8.74373 -25.7653 0 -2.55296 22.3587 12
141 -10.7648 5.926 22.441 0.000 -8.53184 -4.38057 0 -1.79492 22.4431 0
142 -17.1878 5.777 21.744 0.000 -12.3544 -39.7112 0 -0.862264 21.7484 0
143 -18.0350 11.084 40.775 0.000 -14.3005 -16.2787 0 -2.10661 40.765 0
144 -14.8548 6.722 25.623 0.000 -12.7115 -22.657 0 0.12244 25.6205 0
145 -13.5148 4.735 18.074 0.167 -11.1489 -21.4414 0 -0.2218 18.043 1
146 -14.5932 4.677 17.883 0.167 -11.7469 -31.5127 0 0.304994 17.8577 1
147 -17.0796 11.058 40.678 0.000 -13.7119 -18.434 0 -1.52425 40.6722 0
148 -13.8542 7.017 26.725 0.000 -12.036 -4.66277 0 -1.35195 26.7029 0
149 -12.0775 4.746 18.112 0.167 -10.0935 -21.3676 0 0.152733 18.0834 1
150 -9.2752 4.816 18.409 0.167 -8.03256 -12.1356 0 -2.907835E-02 18.3899 1
151 -15.0667 4.591 17.507 0.083 -12.2067 -29.4938 0 8.937929E-02 17.4698 1
152 -13.0091 4.797 18.298 0.167 -10.8243 -12.5565 0 -0.929119 18.2705 1
153 -11.2755 4.786 18.276 0.167 -10.9111 -12.7257 0 0.908177 18.2451 1
154 -12.8703 4.872 18.572 0.083 -10.7356 -22.0255 0 6.783974E-02 18.5434 1
155 -12.5488 4.781 18.252 0.167 -11.0696 -21.2796 0 0.648784 18.232 1
156 -13.4929 4.633 17.687 0.083 -11.3684 -22.9431 0 0.16977 17.6547 1
157 -13.4142 7.084 26.988 0.000 -11.5317 -9.06833 0 -0.975663 26.9699 0
158 -16.1441 12.116 44.617 0.000 -14.8051 -14.5551 0 0.11648 44.6194 0
159 -14.1823 6.089 23.269 0.000 -12.3346 -6.85032 0 -1.1627 23.2683 0
160 -13.5042 8.182 30.745 0.000 -11.1238 -1.77358 0 -2.20305 30.7396 0
161 -14.6043 12.096 44.416 0.000 -10.9992 -7.00462 0 -2.90464 44.4185 3
162 -12.3391 7.816 29.514 0.000 -11.1805 5.63318 0 -1.72195 29.5052 0
163 -15.2995 8.562 32.659 0.000 -12.1638 -18.6224 0 -1.27345 32.6648 0
164 -14.5963 12.123 44.508 0.000 -11.2252 -7.56488 0 -2.61466 44.5085 3
165 -16.7221 12.053 44.225 0.000 -13.2784 -8.73183 0 -2.57054 44.2243 3
166 -15.2909 12.134 44.533 0.000 -12.0163 -7.23181 0 -2.55142 44.5327 3
167 -15.2972 4.849 18.665 0.167 -14.3959 -18.1889 0 0.917547 18.6369 0
168 -12.0291 11.010 41.211 0.000 -9.98937 -2.5033 0 -1.78942 41.2124 0
169 -12.5827 7.796 29.453 0.000 -11.0729 -0.627848 0 -1.44702 29.4398 0
170 -12.9532 8.216 30.798 0.000 -11.039 -6.63761 0 -1.2504 30.7912 0
171 -12.9343 7.720 28.922 0.000 -10.1126 -2.53195 0 -2.56848 28.9111 0
172 -16.9012 12.066 44.261 0.000 -13.3717 -7.08982 0 -2.82051 44.2597 3
173 -19.3094 5.048 18.986 0.083 -13.146 -8.3004 0 -5.33336 18.9838 0
174 -17.6817 12.011 44.076 0.000 -14.1 -9.18017 0 -2.66373 44.0771 3
175 -12.3100 5.105 19.698 0.167 -11.4825 -14.2423 0 0.596766 19.6837 0
176 -15.4225 12.101 44.398 0.000 -11.9291 -9.16275 0 -2.5771 44.3939 3
177 -12.5553 8.881 33.557 0.000 -9.73469 -16.215 0 -1.19906 33.5443 0
178 -17.7408 11.924 44.155 0.000 -15.429 -11.6468 0 -1.14717 44.1503 0
179 -16.8235 12.089 44.351 0.000 -13.6566 -9.9836 0 -2.16853 44.3509 3
180 -18.2913 7.266 27.432 0.000 -17.8477 9.29518 0 -1.37309 27.4436 0
181 -16.8891 6.137 23.444 0.000 -15.6955 -7.62466 0 -0.431176 23.4435 0
182 -13.5121 6.372 24.366 0.000 -13.3905 -21.2802 0 2.00644 24.3761 0
183 -19.3114 8.005 29.935 0.000 -14.6724 -6.46164 0 -3.99288 29.9159 0
184 -18.8990 6.352 24.269 0.000 -16.5578 -17.8828 0 -0.55293 24.2626 0
185 -19.5600 8.013 29.953 0.000 -15.9819 -5.18696 0 -3.05938 29.9399 0
186 -15.3406 11.198 41.169 0.000 -13.689 -5.47794 0 -1.10377 41.16 0
187 -9.8607 10.100 37.602 0.000 -8.19147 4.45554 0 -2.11476 37.5946 0
188 -17.8474 8.899 33.711 0.000 -12.2978 -22.3056 0 -3.31903 33.6991 0
189 -10.8439 9.989 37.191 0.000 -9.05682 -14.2294 0 -0.364157 37.1848 0
190 -12.2424 9.553 35.666 0.000 -11.2135 -4.53912 0 -0.575005 35.6648 0
191 -10.0808 10.043 37.412 0.000 -9.31483 -5.47649 0 -0.218362 37.4006 0
192 -15.6033 6.722 25.309 0.000 -17.6107 16.4642 0 0.360961 25.3154 0
193 -13.2879 11.005 40.544 0.000 -13.5189 -4.93436 0 0.724438 40.5362 0
194 -18.9731 8.965 33.906 0.000 -12.7457 -32.16 0 -3.01145 33.8994 0
195 -15.4651 11.136 41.019 0.000 -14.3679 1.81953 0 -1.27913 41.0122 0
196 -13.3260 10.981 40.410 0.000 -13.3256 -7.69789 0 0.769388 40.3972 0
197 -15.8596 6.751 25.414 0.000 -17.7813 16.4802 0 0.273643 25.4232 0
198 -13.6284 9.778 37.109 0.000 -10.4713 -9.03039 0 -2.25404 37.1048 0
199 -12.9169 12.531 46.047 0.000 -12.8415 -7.90325 0 0.714883 46.046 0
200 -12.8445 11.036 40.653 0.000 -12.1749 -5.50759 0 -0.118847 40.6461 0
